Set 1
-------------------------------------------------------
Min Length: 34  Min Height: 546
 0  1  2  3  4  5  6  7  8  9 
 0  749  749  749  749  749  749  749  749  749  749 
 1  749  749  749  749  749  749  749  749  749  749 
 2  749  749  749  749  749  749  749  749  749  749 
 3  749  749  749  749  546  546  546  546  546  546 
 4  546  546  546  546  546  546  546  546  546  546 
 5  546  546  546  546  546  546  546  546  546  546 
 6  546  546  546  546  546  546  546  546  546  546 
 7  546  546  546  546  546  546  546  546  546  546 
Start End Height Weight
 0 34 749 26215 
 
Set 2
-------------------------------------------------------
Min Length: 11  Min Height: 727
 0  1  2  3  4  5  6  7  8  9 
 0  466  466  466  466  727  727  727  727  727  727 
 1  727  727  727  727  727 
Start End Height Weight
 4 15 727 8724 
 
Set 3
-------------------------------------------------------
Min Length: 13  Min Height: 77
 0  1  2  3  4  5  6  7  8  9 
 0  528  528  528  528  528  528  737  737  737  737 
 1  737  737  737  737  737  737  737  737  737  77 
 2  77  77  77  77 
Start End Height Weight
 6 19 737 10318 
 
Set 4
-------------------------------------------------------
Min Length: 13  Min Height: 1045
 0  1  2  3  4  5  6  7  8  9 
 0  875  875  875  875  875  875  875  875  875  875 
 1  875  875  875  754  754  754  754  754  754  754 
 2  754  754  754  754  754  754  826  826  826  826 
 3  826  826  826  826  826  826  826  826  826  926 
 4  926  926  926  926  926  926  926  926  926  926 
 5  926  926  517  517  517  517  517  517  517  517 
 6  517  517  517  517  517  783  783  783  783  783 
 7  783  783  783  783  783  783  783  783  863  863 
 8  863  863  863  863  863  863  863  863  863  863 
 9  863 
No valid mesa found

